MJD          m      dm   uJy   duJy F err chi/N     RA       Dec        x        y     maj  min   phi  apfit mag5sig Sky   Obs 
59465.533401 -20.617  0.589   -21   12 orange  0   2.29  45.14846  11.84153  8689.29  1898.12 1.74 1.68 -15.0 -0.431 19.73 20.60 01a59465o0676o
59465.535705  22.899  5.278     2   13 orange  0   1.12  45.14846  11.84153  8669.34  1858.51 1.80 1.71 -27.5 -0.431 19.74 20.61 01a59465o0681o
59465.541327  21.036  1.645    14   23 orange  0   1.58  45.14846  11.84153  8728.85  1937.77 1.90 1.65 -20.2 -0.449 18.94 19.95 01a59465o0693o
59465.561069 -24.360 17.625    -1   12 orange  0   2.54  45.14846  11.84153  8747.73  1819.20 1.95 1.89 -25.5 -0.420 19.70 20.71 01a59465o0732o
59467.514579 -20.390  0.433   -25   11 cyan  0   1.08  45.14846  11.84153  3026.56  6720.44 2.47 2.32  35.6 -0.394 19.64 21.40 02a59467o0623c
59467.518271  24.397 15.000     1   10 cyan  0   1.86  45.14846  11.84153  3046.25  6759.57 2.41 2.31  35.2 -0.393 19.63 21.40 02a59467o0631c
59467.529408 -21.164  0.753   -12    9 cyan  0   1.89  45.14846  11.84153  2989.98  6681.39 2.50 2.32  29.8 -0.396 19.67 21.46 02a59467o0652c
59467.547627 -21.287  0.843   -11    9 cyan  0   2.44  45.14846  11.84153  2973.82  6797.98 2.47 2.21  31.9 -0.393 19.69 21.44 02a59467o0691c
59469.523073 -21.586  1.849    -8   16 orange  0   2.15  45.14846  11.84153  8585.06  1834.20 2.61 2.41 -50.4 -0.532 19.31 20.65 01a59469o0553o
59469.524949 -20.983  1.877   -15   28 orange  0   1.58  45.14846  11.84153  8563.19  1793.73 2.41 2.21   6.6 -0.548 18.79 20.22 01a59469o0557o
59469.529200  23.195 19.250     2   37 orange  0   1.41  45.14846  11.84153  8621.01  1870.20 2.39 2.28 -15.5 -0.542 18.33 19.64 01a59469o0565o
59469.534271 -20.181  1.163   -31   36 orange  0   1.50  45.14846  11.84153  8639.47  1752.88 2.41 2.30 -20.1 -0.533 18.37 19.65 01a59469o0576o
59474.453437  18.020  0.086   225   19 orange  0   1.09  45.14846  11.84153  3306.61   407.02 2.05 1.77 -53.8 -0.466 18.85 19.28 02a59474o0298o
59474.457562  17.891  0.088   253   22 orange  0   0.87  45.14846  11.84153  3333.98   445.23 2.08 1.80 -52.5 -0.463 18.90 19.39 02a59474o0307o
59474.464561  18.119  0.112   205   23 orange  0   0.77  45.14846  11.84153  3277.16   365.93 2.06 1.80 -55.0 -0.456 19.05 19.52 02a59474o0322o
59474.478821  18.082  0.071   212   15 orange  0   2.43  45.14846  11.84153  3260.40   482.71 2.06 1.84 -58.2 -0.452 18.95 19.48 02a59474o0353o
59475.522399  17.702  0.147   302   44 orange  0   1.09  45.14846  11.84153  3326.95   406.72 2.16 2.01 -62.3 -0.442 17.95 18.15 02a59475o0665o
59475.556582  17.359  0.174   413   72 orange  0   1.38  45.14846  11.84153  7250.89 10116.29 2.27 2.17  73.9 -0.426 17.44 17.54 02a59475o0728o
59475.565856  17.750  0.220   288   63 orange  0   0.86  45.14846  11.84153  3296.93   364.56 2.03 1.84 -65.8 -0.464 17.84 18.05 02a59475o0746o
59475.569055  17.841  0.273   265   72 orange  0   0.94  45.14846  11.84153  3277.73   485.73 2.05 1.89 -63.1 -0.468 17.55 17.79 02a59475o0753o
59478.437665  17.463  0.076   376   28 orange  0   1.04  45.14846  11.84153  3308.04   405.33 1.96 1.80 -54.7 -0.468 18.44 18.50 02a59478o0483o
59478.439503  17.419  0.097   391   38 orange  0   0.54  45.14846  11.84153  3328.15   445.76 2.00 1.83 -56.2 -0.455 18.44 18.54 02a59478o0487o
59478.442728  17.558  0.097   344   34 orange  0   0.94  45.14846  11.84153  3268.30   365.53 1.91 1.82 -87.0 -0.453 18.40 18.52 02a59478o0494o
59478.453918  17.540  0.083   350   29 orange  0   1.50  45.14846  11.84153  3248.54   483.70 1.99 1.82 -58.0 -0.460 18.46 18.56 02a59478o0517o
59485.425793  18.090  0.082   211   17 orange  0   1.43  45.14846  11.84153  2731.80  2217.41 2.94 2.72  41.3 -0.446 19.09 20.42 01a59485o0484o
59485.429023  18.007  0.078   228   18 orange  0   2.51  45.14846  11.84153  2704.68  2174.09 2.76 2.64 -48.8 -0.511 19.20 20.42 01a59485o0491o
59485.464195  18.140  0.080   201   16 orange  0   1.52  45.14846  11.84153  2764.15  2248.43 2.89 2.76 -13.6 -0.482 19.17 20.51 01a59485o0563o
59485.470133  18.018  0.074   225   17 orange  0   1.75  45.14846  11.84153  2781.37  2135.57 2.93 2.78 -49.4 -0.485 19.16 20.54 01a59485o0575o
59485.642100  18.178  0.419   194   81 orange  0   1.23  45.14846  11.84153  7732.53  8333.64 3.11 2.95  56.2 -0.445 18.12 18.51 01a59485o0927o
59486.481123  18.004  0.065   228   15 orange  0   1.31  45.14846  11.84153  2906.19  2841.30 2.36 1.92  30.7 -0.426 19.42 20.49 02a59486o0614o
59486.484346  17.950  0.053   240   13 orange  0   1.94  45.14846  11.84153  2928.25  2880.14 2.25 1.88  35.8 -0.437 19.46 20.50 02a59486o0621o
59486.487563  17.961  0.058   238   14 orange  0   1.91  45.14846  11.84153  2869.61  2802.54 2.37 1.96  32.9 -0.419 19.44 20.51 02a59486o0628o
59486.497679  17.926  0.049   245   12 orange  0   1.11  45.14846  11.84153  2851.83  2917.98 2.29 1.92  34.5 -0.433 19.46 20.52 02a59486o0650o
59487.537877  17.786  0.055   279   15 orange  0   1.72  45.14846  11.84153  7676.96  7718.55 2.52 1.95  41.5 -0.435 19.49 20.59 02a59487o0731o
59487.568771  17.945  0.060   241   14 orange  0   1.65  45.14846  11.84153  7651.43  7683.38 2.51 2.03  43.6 -0.427 19.44 20.55 02a59487o0794o
59487.634139  17.952  0.064   239   15 orange  0   1.79  45.14846  11.84153  7702.11  7768.60 2.65 2.09  39.8 -0.421 19.29 20.32 02a59487o0820o
59488.450298  17.763  0.063   285   18 orange  0   1.63  45.14846  11.84153  1927.45  8069.89 3.23 2.92 -44.5 -0.437 19.17 20.77 01a59488o0525o
59488.452143  17.861  0.053   260   14 orange  0   2.63  45.14846  11.84153  1907.98  8032.23 3.21 2.88 -45.6 -0.430 19.15 20.76 01a59488o0529o
59488.462759  17.816  0.053   271   14 orange  0   1.95  45.14846  11.84153  1966.03  8110.52 2.99 2.70 -46.8 -0.456 19.27 20.77 01a59488o0552o
59488.468303  17.677  0.051   308   16 orange  0   2.22  45.14846  11.84153  1984.35  7993.37 2.96 2.64 -46.4 -0.459 19.33 20.84 01a59488o0564o
59489.572484  17.632  0.055   322   18 orange  0   1.30  45.14846  11.84153  8600.41  2478.41 2.85 2.68 -59.5 -0.484 19.25 20.62 01a59489o0451o
59489.586817  17.805  0.064   274   18 orange  0   1.49  45.14846  11.84153  8623.51  2515.15 2.87 2.70 -58.3 -0.477 19.23 20.62 01a59489o0482o
59489.590041  17.724  0.068   295   20 orange  0   1.55  45.14846  11.84153  8564.87  2438.80 2.92 2.67 -57.0 -0.489 19.22 20.62 01a59489o0489o
59489.606362  17.658  0.050   314   16 orange  0   2.21  45.14846  11.84153  8551.93  2555.54 2.96 2.72 -58.4 -0.480 19.15 20.52 01a59489o0524o
59491.500024  17.487  0.033   367   12 orange  0   2.79  45.14846  11.84153   762.09  6311.71 2.01 1.82  11.6 -0.435 19.55 20.66 02a59491o0652o
59491.502768  17.458  0.037   378   14 orange  0   2.45  45.14846  11.84153   782.44  6351.41 1.97 1.82  -1.1 -0.443 19.57 20.67 02a59491o0658o
59491.505513  17.617  0.044   326   14 orange  0   1.24  45.14846  11.84153   724.80  6273.62 2.05 1.88  17.8 -0.432 19.57 20.68 02a59491o0664o
59491.531273  17.535  0.041   352   14 orange  0   1.66  45.14846  11.84153  9885.01  4174.01 2.14 2.01  27.5 -0.435 19.52 20.71 02a59491o0714o
59492.320843  18.287 12.925   176 2273 orange  0   1.19  45.14846  11.84153  1903.18  8059.14 3.51 2.95 -43.0 -0.440 15.15 15.85 01a59492o0277o
59492.344478  16.927  0.543   615  334 orange  0   1.25  45.14846  11.84153  1889.42  8025.71 3.19 2.78 -46.4 -0.431 16.57 17.39 01a59492o0328o
59492.349110  13.732  1.208 11671 14100 orange  0   1.28  45.14846  11.84153  1949.09  8104.03 2.97 2.57 -46.5 -0.471 14.21 15.27 01a59492o0338o
59492.372524 -18.130  3.169  -203  644 orange  0   1.04  45.14846  11.84153  1971.45  7986.21 3.06 2.62 -43.4 -0.469 15.56 16.46 01a59492o0387o
59493.476263  17.436  0.041   385   16 orange  0   2.70  45.14846  11.84153  1930.93  8069.00 2.62 2.37 -45.4 -0.501 19.41 20.80 01a59493o0589o
59493.502357  17.460  0.040   377   15 orange  0   2.33  45.14846  11.84153  1913.15  8030.79 2.71 2.52 -52.8 -0.477 19.39 20.87 01a59493o0642o
59493.518794  17.486  0.043   368   16 orange  0   1.63  45.14846  11.84153  8548.59  2457.49 2.81 2.69 -55.4 -0.483 19.36 20.87 01a59493o0675o
59493.543757  17.500  0.042   363   15 orange  0   1.81  45.14846  11.84153  8537.25  2567.27 2.95 2.90  40.3 -0.441 19.39 21.02 01a59493o0726o
